PS C:\hieu\DACN3> cd .\scraping_data_tv\Data_processing_for_Vietnamese_data\
PS C:\hieu\DACN3\scraping_data_tv\Data_processing_for_Vietnamese_data> cd .\day3\
PS C:\hieu\DACN3\scraping_data_tv\Data_processing_for_Vietnamese_data\day3> uv run day3_baseline_ml_1m_v3.py
Loading dataset: SeanSunny/items_tv_v6
Raw: 110,000 train | 5,000 val | 5,000 test
Filtered <= 1,000,000 VND:
  Train: 85,727 | Val: 3,926 | Test: 3,872
  Price range: 4,900 - 1,000,000 VND
  Mean: 301,687 | Median: 229,000
  Log price range: 8.50 - 13.82
  Log mean: 12.34 | Log median: 12.34

============================================================
TOKENIZATION: Underthesea (load cache)
============================================================
Loading cached: C:\hieu\DACN3\scraping_data_tv\Data_processing_for_Vietnamese_data\day3\tokenized_train_1m.pkl
Loading cached: C:\hieu\DACN3\scraping_data_tv\Data_processing_for_Vietnamese_data\day3\tokenized_test_1m.pkl
Loading cached: C:\hieu\DACN3\scraping_data_tv\Data_processing_for_Vietnamese_data\day3\tokenized_val_1m.pkl

============================================================
FEATURE ENGINEERING
============================================================
Arch B (word): (85727, 10000) (2.4s)
Arch C (word+char): (85727, 10000) (26.6s)
Category: 8 features (['Bách Hóa', 'Làm Đẹp - Sức Khỏe', 'Mẹ và Bé', 'Nhà Cửa - Đời Sống', 'Thời Trang', 'Ô Tô - Xe Máy', 'Điện Lạnh và Gia Dụng', 'Điện Tử - Công Nghệ'])
Arch B + Cat: (85727, 10008)
Arch C + Cat: (85727, 10008)

===========================================================================
PHASE 1: Log-transform target (all models)
===========================================================================

--- Baselines ---
  0%|                                                                                                                                 | 0/3872 [00:00<?, ?it/s]250,400 130,000 203,000 131,000 103,000 456,000 55,000 112,000 179,000 81,000 40,000 16,000 298,000 177,000 95,000 40,000 99,000 80,000 119,000 6,000 204,500 721,000 6,000 64,000 129,000 70,000 33,000 114,000 586,000 110,000 58,000 150,000 161,000 40,000 153,160 140,000 89,000 60,000 665,000 606,000 66,000 5,500 220,999 91,000 139,001 551,000 179,000 64,000 143,000 80,000 165,750 136,000 141,000 750,000 154,000 10,000 417,558 24,750 96,000 79,000 596,000 9,000 116,000 144,000 
29,000 4,000 30,000 287,465 351,000 154,000 6,000 110,000 40,000 221,000 40,000 110,000 321,000 30,000 120,000 72,000 16,000 461,000 21,000 461,000 180,000 178,700 80,000 130,000 120,000 130,000 320,000 30,000 76,000 661,000 130,000 40,000 146,000 571,000 150,000 89,000 19,000 50,000 1,500 70,000 334,000 7,000 21,000 190,500 39,000 9,000 113,700 18,000 770,000 59,000 226,000 169,000 150,000 620,000 125,000 114,000 212,000 87,000 0 133,000 347,000 42,170 60,000 130,000 625,000 59,000 201,000 181,000 270,000 174,000 153,000 90,000 90,000 270,000 103,000 41,000 151,000 172,000 21,000 174,000 196,000 174,000 70,000 240,000 74,000 164,000 419,000 175,650 670,000 470,000 142,000 570,000 90,000 370,000 58,000 160,600 51,000 160,000 6,000 3,771 100,000 161,000 70,000 240,000 88,202 761,000 199,400 16,191 200,000 44,000 551,000 131,000 315,700 174,000 461,000 387,756 154,000 60,000 79,000 74,000 22,202 139,000 50,000 589,000 70,000 6,000 221,000 310,000 96,000 30,000 90,000 28,197 140,000 590,720 110,000 159,000 34,000 172,000 449,000 18,000 20,000 31,000 109,000 121,000 321,000 94,000 40,000 160,000 109,000 621,000 61,000 174,000 670,000 269,000 326,000 134,000 193,000 31,000 38,000 21,000 412,700 54,300 145,000 80,000 369,000 39,000 49,000 211,000 1,000 44,000 73,000 79,000 49,000 371,000 100,000 1,000 109,800 100,000 64,000 93,800 179,000 35,000 118,000 10,000 141,000 131,000 451,000 721,000 66,000 175,000 241,000 266,000 
124,000 50,000 330,000 100,000 89,000 161,000 176,000 116,000 3,000 370,000 50,000 220,000 271,000 170,000 103,000 181,100 132,500 21,000 70,000 321,000 169,000 421,000 149,000 140,000 90,000 176,000 27,900 179,000 80,000 401,000 470,000 120,000 221,000 45,500 29,500 92,200 19,000 221,000 30,000 44,000 751,000 270,000 
52,004 70,000 114,000 85,000 731,000 51,000 131,800 103,000 34,000 271,000 191,000 411,000 581,000 72,000 327,000 80,000 371,000 161,000 99,680 40,000 104,000 190,000 176,000 674,120 79,000 116,500 104,000 465,000 721,000 69,001 106,000 39,000 115,000 89,000 187,000 4,000 671,000 621,000 170,000 370,000 33,700 121,000 
9,000 70,000 53,250 74,000 18,500 9,000 109,000 74,000 366,000 371,000 186,800 141,000 641,000 131,000 151,600 448,000 29,000 140,000 162,000 40,000 63,000 8,000 10,400 170,000 139,000 110,000 30,000 202,250 430,000 10,000 70,000 74,000 29,000 23,000 0 23,035 30,000 60,000 133,000 161,000 154,000 131,000 39,950 120,000 46,000 45,710 81,000 140,000 186,000 104,000 273,372 111,000 128,592 35,000 430,000 131,180 31,000 60,000 486,000 23,035 121,000 79,000 20,000 39,000 100,000 134,000 80,000 371,000 169,000 31,000 101,000 61,000 60,000 79,000 111,000 621,000 598,000 54,500 180,000 719,000 111,000 221,000 190,000 721,000 50,000 123,000 
95,600 90,000 271,000 170,000 271,000 168,200 366,000 11,000 160,000 296,000 109,000 72,000 761,000 51,000 521,000 34,000 155,000 707,000 74,000 130,000 131,180 31,000 157,700 140,000 84,000 174,138 69,000 204,000 127,000 640,536 150,000 46,000 360,000 90,000 53,000 122,400 9,000 241,700 124,000 221,000 140,000 110,000 34,000 30,000 151,000 731,000 124,975 156,000 154,000 170,000 30,000 320,000 110,000 89,000 100,000 71,000 568,000 41,000 330,000 130,000 120,000 721,000 48,300 65,000 651,000 250,400 31,000 110,000 471,000 236,750 49,000 139,000 64,000 370,000 87,000 130,000 16,000 60,000 770,000 152,400 291,000 101,061 164,000 191,000 43,000 94,900 709,000 561,000 196,000 700,000 251,000 60,000 19,296 371,000 51,000 621,000 191,000 69,250 219,000 160,000 243,000 83,959 139,000 16,000 319,000 139,900 94,000 104,000 370,000 25,000 130,000 91,000 27,000 10,000 675,000 581,000 574,850 100,000 310,000 22,000 73,000 214,520 129,000 34,000 212,000 625,000 431,000 26,000 80,000 169,000 321,000 421,000 70,000 26,000 160,000 131,500 161,000 436,000 130,000 30,000 663,000 126,000 320,000 21,000 5,000 196,000 159,000 69,000 65,000 121,000 16,000 120,000 61,600 121,000 221,000 76,900 179,000 671,000 40,001 131,180 287,465 146,500 20,000 111,000 19,000 652,000 40,000 230,000 111,000 23,035 471,000 125,500 1,000 16,000 109,000 5,000 40,000 166,000 44,000 186,002 10,000 63,380 151,000 470,000 170,000 2,000 338,702 14,000 126,000 123,000 120,000 31,000 160,000 146,050 461,000 131,000 156,800 524,542 581,000 90,000 102,000 668,000 293,000 30,000 260,000 116,000 114,000 44,000 72,000 76,000 85,600 316,000 166,000 80,600 163,450 120,000 62,000 131,180 10,000 194,000 300,000 79,627 396,000 120,000 694,400 11,000 86,000 160,000 170,000 100,000 164,000 
201,000 710,000 112,301 547,250 199,000 34,000 120,000 321,000 70,500 51,000 466,000 311,000 477,000 135,000 72,000 288,000 20,000 164,000 121,975 2,000 130,000 162,974 109,000 6,000 159,000 134,000 130,000 23,035 1,000 110,000 15,156 160,000 678,200 179,000 64,000 9,000 270,000 30,000 99,000 171,000 2,369 14,900 31,000 100,000 31,000 140,000 120,500 110,000 130,000 190,000 79,000 1,000 121,000 267,800 150,000 50,000 97,000 43,000 9,000 4,000 82,000 9,000 26,000 121,000 230,000 70,000 121,000 19,000 155,000 381,000 430,000 166,000 102,000 84,600 69,000 131,000 120,000 255,000 139,000 190,000 91,000 26,000 571,000 162,000 51,000 456,000 171,000 366,000 174,000 471,000 421,000 82,000 536,000 39,000 63,000 131,180 69,000 61,000 121,000 0 196,000 31,000 84,000 670,240 166,000 181,000 620,000 80,200 110,000 93,000 20,000 89,000 1,000 20,000 101,000 30,000 97,000 216,000 371,000 81,000 29,000 64,000 250,000 82,112 521,000 176,535 74,000 461,000 173,000 154,000 11,000 131,000 80,000 103,000 150,000 169,000 161,712 41,000 30,000 43,900 515,000 54,000 40,000 80,000 42,000 434,000 89,000 194,000 494,465 44,000 621,000 551,000 205,000 56,000 73,000 40,000 571,000 172,000 100,000 670,500 29,646 106,000 20,000 146,000 620,000 101,000 141,000 243,000 54,000 70,000 321,000 560,000 261,000 130,000 257,000 69,000 140,000 47,000 21,000 671,000 290,000 121,000 131,000 169,000 49,000 64,000 83,000 100,000 721,000 521,000 159,000 131,000 163,000 189,800 111,000 129,000 54,000 261,000 129,001 60,000 679,000 516,000 94,000 160,000 99,000 94,000 39,000 129,100 365,000 761,000 16,880 59,000 163,000 100,000 66,000 364,158 39,000 238,500 195,350 66,000 169,200 673,000 483,000 201,450 91,000 110,000 150,000 110,000 521,000 80,000 21,000 29,000 41,000 94,000 
159,500 10,000 54,000 35,000 40,000 96,000 175,100 121,982 356,000 95,000 212,000 90,000 18,999 1,674 10,000 271,000 134,000 1,000 30,000 9,999 771,000 160,000 
133,500 23,035 114,000 95,000 56,000 164,000 160,000 60,000 371,000 79,000 131,180 246,000 375,336 151,000 9,000 131,180 49,000 418,000 89,000 120,000 621,000 9,000 321,000 220,000 750,000 240,000 25,000 161,000 94,000 421,000 115,000 29,000 150,000 74,000 50,000 122,000 34,718 82,000 100,000 320,000 30,000 149,000 649,000 50,000 19,999 64,294 58,000 94,000 590,720 99,000 109,001 94,000 4,000 19,000 210,000 386,000 120,000 34,000 570,000 341,000 261,000 19,000 166,500 341,000 46,000 29,000 18,000 50,000 157,000 38,000 243,000 30,000 34,000 590,500 455,400 134,000 123,000 80,000 270,000 129,000 59,000 177,300 26,000 191,950 39,000 64,000 10,000 26,000 211,000 333,500 7,000 121,000 196,000 156,000 94,000 257,398 166,000 130,000 103,500 144,000 110,000 150,000 248,000 147,001 51,000 114,000 44,000 21,000 421,000 79,000 561,000 23,035 121,000 501,000 16,000 170,000 721,000 430,000 37,000 31,000 60,000 79,000 770,000 109,000 19,000 23,035 60,000 11,700 129,000 145,680 154,000 194,000 121,000 21,000 455,400 195,000 10,000 30,000 131,000 59,000 100,001 12,000 15,000 321,000 521,000 81,400 140,000 371,000 461,000 92,150 324,932 144,000 31,000 174,000 25,000 20,000 134,000 200,000 150,000 124,000 541,000 60,000 175,900 157,310 1,000 39,000 79,000 286,000 466,000 169,000 119,000 211,000 101,000 60,000 28,000 461,000 30,000 310,000 78,000 370,000 370,000 571,000 78,343 640,000 30,000 74,000 486,000 150 430,000 130,000 130,000 141,000 82,000 102,000 370,000 371,000 521,000 101,000 70,000 169,000 12,000 248,000 79,000 51,000 119,000 60,000 15,000 11,000 137,000 621,000 370,000 130,000 19,000 651,000 216,550 99,550 20,000 320,000 134,000 149,000 29,000 60,000 204,000 168,000 201,000 50,000 10,000 68,000 30,000 117,750 650,439 370,000 69,000 102,600 10,000 368,000 154,000 86,000 52,997 113,500 370,000 721,000 550,000 50,000 97,000 64,000 34,000 90,000 46,000 60,000 106,000 104,000 36,891 198,403 159,000 167,000 29,000 661,000 141,000 10,000 79,000 321,000 80,000 321,000 139,001 200,000 610,000 19,000 9,000 271,000 104,000 29,698 149,000 131,180 40,000 342,320 169,000 119,000 150,000 521,000 321,000 121,000 80,000 18,000 159,000 160,000 49,000 691,000 31,000 9,001 104,000 86,000 159,000 167,000 80,000 140,000 70,000 
70,000 321,000 113,080 152,000 140,000 199,000 170,000 220,000 150,000 221,000 27,680 60,000 131,000 205,700 173,000 16,000 133,000 84,000 90,011 11,016 174,000 91,850 115,600 143,445 179,000 40,000 731,000 32,500 145,001 29,000 211,800 120,000 52,000 90,000 58,000 161,000 151,000 80,000 92,840 46,000 160,000 149,100 221,000 91,000 31,000 34,718 10,100 42,000 180,600 391,000 23,035 123,000 180,000 50,000 42,000 33,000 130,000 69,000 744,000 50,500 60,000 164,000 119,000 148,000 174,000 221,000 41,000 100,000 143,000 712,000 44,000 131,180 421,000 162,000 50,000 377,960 59,000 179,000 66,000 133,000 37,000 221,000 220,000 34,000 154,000 230,000 23,035 9,000 90,000 26,000 115,000 1,000 602,000 134,000 91,000 51,000 48,000 120,000 678,350 140,000 76,000 99,000 521,000 1,000 371,000 174,000 139,000 31,000 74,000 174,000 134,000 90,000 133,500 157,000 190,000 101,000 160,175 35,000 571,000 151,000 0 139,100 95,000 11,650 470,000 132,750 29,000 174,000 740,000 86,000 130,000 20,000 246,000 121,000 170,000 90,000 181,500 500,000 287,465 129,000 180,000 155,000 270,000 110,000 87,000 86,500 147,800 127,600 154,000 170,000 34,000 84,501 100,000 47,138 199,000 521,000 141,000 193,000 103,200 124,000 174,000 500,000 108,000 149,000 31,000 52,685 103,900 84,000 30,000 1,404 207,050 166,000 30,000 80,000 93,000 103,125 174,000 320,000 161,000 61,000 144,000 70,000 10,000 167,000 130,000 46,000 56,500 197,000 39,000 10,000 110,000 126,000 189,950 4,000 4,000 40,000 14,000 117,000 621,000 104,000 6,000 86,000 166,000 163,265 146,001 66,000 636,000 665,600 64,000 30,000 107,500 94,000 115,150 70,875 14,000 181,000 133,000 136,000 8,015 121,000 160,000 661,000 211,000 71,000 74,000 346,000 275,000 89,000 64,000 320,000 26,000 64,000 9,000 120,000 
58,000 744,000 74,000 237,000 91,000 163,000 342,000 100,000 112,100 162,000 37,781 11,650 321,000 91,000 129,000 8,000 59,000 130,000 43,000 74,000 86,000 148,000 165,000 53,000 61,000 29,000 73,000 30,000 155,100 156,000 11,000 501,000 61,000 429,000 170,000 154,000 570,000 101,000 66,000 123,000 78,000 30,000 335,075 30,000 154,000 270,000 103,000 131,180 130,000 89,000 429,260 85,500 619,000 143,000 470,000 115,000 616,000 104,000 28,000 287,465 114,000 141,200 115,857 121,000 185,300 30,000 21,000 30,000 98,000 59,000 74,000 126,000 310,000 64,836 100,000 40,000 120,000 72,000 84,000 50,450 39,000 249,000 143,000 174,000 530,000 179,000 374,000 69,000 130,000 139,000 89,001 25,900 44,000 370,000 475,000 145,000 209,000 149,000 744,000 180,000 270,000 117,000 78,291 359,000 190,000 116,000 270,000 67,000 20,000 621,000 83,000 90,200 174,000 201,000 40,000 87,300 93,000 21,000 51,000 36,000 121,000 160,000 251,000 129,000 682,524 714,920 24,600 177,000 130,000 630,000 59,000 421,000 716,938 192,000 770,000 49,000 3,000 130,000 54,000 71,000 409,000 131,180 217,033 79,000 369,500 451,000 30,001 61,000 31,000 55,000 116,000 85,000 84,000 46,000 21,000 71,000 80,000 666,000 18,000 491,000 455,000 91,000 78,998 83,050 39,000 31,000 29,000 160,000 73,200 731,000 174,000 151,000 164,000 670,000 741,100 10,000 60,000 20,000 187,000 196,000 572,000 571,000 76,000 19,000 136,000 76,000 120,000 291,000 70,000 191,000 189,000 126,000 136,000 166,000 109,000 127,000 131,000 12,200 30,000 56,000 54,000 250,000 121,000 5,000 219,000 451,000 114,300 156,000 84,000 104,000 129,000 24,000 130,000 27,000 80,000 40,500 139,000 21,000 134,000 174,000 69,000 139,600 24,600 635,000 119,000 62,000 10,000 109,000 19,000 651,000 356,000 9,000 129,000 34,000 19,000 171,000 604,000 51,000 84,000 164,500 150,800 85,000 610,000 61,000 670,000 49,000 34,350 230,885 701,000 721,000 656,000 21,000 320,000 92,000 770,000 121,000 37,000 174,000 216,000 102,000 54,000 1,404 60,000 71,000 90,000 131,000 361,000 33,000 170,500 99,000 71,000 121,000 460,000 130,000 76,000 35,999 39,000 120,000 491,000 101,000 169,000 44,000 270,000 371,000 6,000 108,000 112,000 105,000 120,000 236,000 140,000 100,000 144,000 81,000 201,000 161,000 160,000 91,000 160,000 180,000 770,000 50,000 30,000 28,000 194,000 159,000 112,100 170,000 170,000 114,000 29,000 28,000 131,000 70,000 81,000 91,195 46,000 111,250 149,000 24,942 178,999 621,000 174,000 100,000 100,000 44,000 104,000 233,000 34,718 251,000 425 344,000 151,000 90,000 100,000 23,035 18,900 174,000 38,000 270,000 140,000 29,700 144,000 328,000 151,000 291,000 145,000 124,000 310,000 174,000 721,000 671,000 245,400 4,000 330,000 54,000 64,000 671,000 240,000 46,000 3,000 3,000 761,000 44,000 29,000 194,000 421,000 47,430 56,572 104,000 16,000 171,000 159,000 739,000 46,000 201,000 90,000 9,000 114,000 70,000 119,000 61,000 114,000 649,000 271,000 80,500 27,520 86,000 133,250 114,000 65,100 1,850 121,000 20,000 75,000 329,000 396,000 69,500 9,000 51,314 70,000 69,000 100,000 10,000 91,000 101,000 2,000 80,000 2,600 29,500 407,218 169,000 23,035 176,200 129,000 110,000 566,000 771,000 261,000 200,000 40,000 11,000 75,238 134,000 204,000 
24,500 191,000 11,000 30,000 770,000 367,500 270,000 109,000 110,000 770,000 266,000 271,000 69,000 121,000 317,700 120,000 159,000 196,000 21,000 188,400 30,000 770,000 84,500 610,400 120,000 109,000 40,000 39,000 0 159,640 719,000 54,000 196,000 220,000 329,000 1,000 70,000 174,000 116,000 524,000 112,000 30,000 190,839 140,000 179,000 111,000 310,000 92,000 99,000 170,000 50,000 148,480 79,000 98,750 9,000 56,000 86,400 124,000 270,000 106,000 171,000 169,000 84,001 691,000 77,000 7,000 179,000 36,002 359,670 212,000 270,000 20,000 49,000 10,000 0 221,000 50,000 71,000 30,000 241,000 141,000 499,000 34,000 140,000 3,500 453,000 94,000 420,000 136,000 764,548 33,000 80,000 108,000 598,000 10,500 672,000 30,000 70,000 80,000 114,000 60,000 169,000 30,000 178,000 271,000 30,000 270,000 196,000 174,000 652,820 93,000 64,000 140,000 10,000 57,000 174,000 170,000 220,000 52,820 154,000 361,000 131,180 199,875 26,000 10,000 290,000 164,000 70,000 71,000 40,000 461,000 166,900 164,000 71,000 86,000 167,000 40,000 84,000 275,000 131,000 100,000 769,000 49,000 91,000 10,000 332,750 27,000 120,000 35,000 54,000 347,000 296,000 721,000 46,000 59,000 160,000 120,000 480,000 124,000 24,000 131,000 164,000 69,000 179,000 556,000 569,000 161,000 521,000 172,189 180,000 196,000 171,000 201,000 30,000 49,000 199,000 74,000 139,000 128,000 51,000 91,000 130,000 26,000 106,000 221,000 1,000 532,000 761,000 71,000 45,850 408,000 161,000 61,000 186,821 134,000 136,000 420,000 112,000 71,000 44,000 116,500 139,000 471,000 131,000 150,000 170,000 150,500 71,000 80,000 575,000 130,000 134,000 60,000 140,000 140,000 31,000 149,200 20,000 32,000 401,000 721,000 171,000 79,000 69,000 81,000 39,000 49,000 287,000 110,000 161,000 100,000 50,000 9,000 4,000 
110,000 271,000 131,000 119,000 104,000 160,000 10,000 91,000 225,000 201,625 95,000 30,000 34,000 770,000 134,000 120,000 153,100 174,000 671,000 132,750 40,000 115,900 20,000 124,000 221,000 123,000 21,000 100,000 34,000 30,300 421,000 421,000 130,000 154,000 1,753 106,000 100,000 231,000 144,000 115,150 154,000 29,530 169,000 309,000 167,000 9,000 90,000 150,000 151,000 129,001 23,035 29,000 270,000 29,000 51,000 626,000 29,646 67,589 321,000 161,000 335,200 104,000 164,000 80,000 130,000 646,700 140,800 101,000 74,000 26,000 81,000 164,000 120,000 20,000 143,000 361,000 520,000 36,943 0 113,000 174,000 120,000 131,180 56,000 215,000 40,000 120,000 73,000 140,000 30,000 88,000 466,000 14,000 69,000 80,000 30,000 71,000 134,000 631,000 84,000 139,100 67,000 591,000 150,000 26,000 125,000 366,000 130,000 3,000 21,000 49,000 261,000 34,000 157,000 119,000 141,500 221,000 150,800 30,000 190,900 168,000 361,000 219,000 49,000 130,000 289,000 321,000 91,000 331,000 116,000 300,000 50,000 30,000 30,000 191,000 291,000 100,000 406,169 112,000 128,000 69,000 21,000 38,500 109,000 470,000 156,000 205,700 170,000 51,000 611,000 40,000 105,630 97,000 149,500 142,000 121,000 46,500 94,500 44,000 142,000 37,781 71,000 60,000 129,000 184,000 351,000 561,000 9,000 23,300 34,000 350,000 49,600 184,000 90,100 20,500 60,000 79,000 100,000 180,860 31,000 80,200 371,000 551,000 5,000 23,000 160,000 56,660 20,000 370,000 21,000 70,000 
60,700 129,000 164,001 148,000 46,000 287,465 563,000 30,000 19,000 270,000 75,280 129,000 50,900 290,000 84,000 129,000 84,000 110,000 190,800 24,000 133,000 49,000 74,000 301,000 421,000 163,000 270,000 201,000 145,300 480,000 24,000 70,000 150,011 130,000 20,000 203,500 33,000 361,000 346,000 1,000 96,000 174,000 159,000 44,000 151,000 170,000 36,000 305,700 20,000 453,000 239,000 164,000 431,000 130,000 136,000 309,000 138,800 8,500 121,000 53,000 370,400 456,000 140,000 
135,000 361,000 331,000 64,000 90,450 179,000 111,000 140,000 50,000 17,500 131,180 69,000 173,750 50,000 130,000 248,000 119,000 4,000 199,000 60,000 240,000 89,000 241,000 1,000 140,000 40,000 64,000 311,000 39,000 161,000 160,000 295,000 175,000 99,000 211,000 3,000 251,000 27,000 59,000 80,000 54,500 25,000 412,700 11,000 220,000 40,000 713,000 511,000 550,000 49,000 270,000 310,000 30,000 30,000 65,000 30,000 661,000 11,650 130,000 746,000 261,000 30,000 771,000 121,000 
114,000 0 696,000 139,100 90,000 130,000 14,000 305,000 134,000 24,000 446,000 45,000 20,000 421,000 59,000 195,350 110,000 50,000 140,000 120,000 150,000 24,000 71,046 91,000 70,000 170,000 20,000 39,000 56,000 144,000 159,700 284,000 120,000 174,000 174,500 60,000 70,000 321,000 100,000 266,000 371,000 89,556 90,001 
20,500 118,000 86,000 23,035 196,000 107,000 383,000 132,000 216,000 90,000 1,000 41,000 19,000 130,000 139,000 130,000 106,000 60,000 69,000 40,000 721,000 109,000 52,685 50,001 122,000 194,000 19,000 744,200 94,000 160,536 280,220 19,000 70,000 140,000 31,000 70,000 80,000 30,000 1,000 206,500 406,129 77,000 70,000 6,000 100,800 230,540 164,000 551,000 76,000 100,000 120,000 155,000 30,000 131,180 31,000 52,000 246,000 135,000 29,000 501,000 596,000 430,000 144,000 170,000 
251,000 262,000 73,000 171,000 64,000 154,050 106,000 110,000 25,200 81,000 103,000 241,200 50,000 37,000 127,971 1,000 51,000 70,000 100,000 84,000 20,000 127,000 761,000 143,000 69,000 80,000 57,500 149,000 157,000 174,691 34,000 19,000 276,000 144,000 100,000 134,000 6,579 140,000 40,000 140,000 357,000 91,000 90,000 140,000 120,000 76,000 79,000 120,000 91,500 51,000 218,016 40,001 141,000 80,000 21,000 255,000 130,000 40,000 41,000 0 130,000 174,000 45,400 8,000 79,000 661,000 184,000 154,001 40,000 109,000 661,000 610,300 140,000 179,000 20,000 321,000 153,000 14,859 216,000 250,000 84,000 37,000 150,000 70,000 79,000 11,650 130,000 256,000 10,500 18,000 6,000 27,000 139,000 80,650 33,000 626,000 84,000 582,000 359,670 11,000 216,000 241,000 191,000 109,000 210,000 271,000 150,000 119,000 40,000 19,000 426,500 79,950 71,150 480,000 571,000 21,000 341,000 64,000 204,000 168,900 321,000 70,000 147,000 79,000 251,000 521,000 71,000 6,000 144,000 52,000 10,000 150 169,000 63,800 65,600 127,600 39,476 539,000 680,000 52,685 120,000 321,800 70,000 30,000 158,000 101,000 561,000 164,000 43,750 21,000 76,000 289,400 241,000 178,000 34,000 154,000 121,000 44,000 39,000 22,298 241,000 91,400 170,000 571,000 170,000 21,000 269,000 521,000 140,000 111,000 166,000 151,000 156,000 271,000 528,850 314,000 158,300 25,000 130,000 290,000 646,000 13,000 221,000 26,000 169,000 121,000 139,800 521,000 60,000 109,000 461,000 289,000 112,000 4,000 47,975 291,000 117,000 218,350 161,000 187,000 2,542 251,000 14,000 80,000 150,000 81,000 170,000 111,000 346,000 20,000 170,000 30,000 430,000 
93,000 70,000 160,200 598,000 2,000 0 71,000 190,000 40,000 287,465 24,000 361,000 311,000 101,000 224,600 421,000 130,000 19,000 754,250 77,000 99,680 121,000 
120,000 8,000 60,000 14,500 77,400 9,000 66,000 250,000 400,000 150,000 90,000 120,000 151,000 169,000 210,000 100,000 19,000 214,019 32,000 173,500 1,000 21,000 137,850 109,000 84,000 39,950 80,000 30,000 210,771 182,000 10,667 20,000 150,000 54,000 25,000 87,000 45,850 99,000 94,000 53,000 70,000 149,000 70,000 59,000 54,001 4,000 291,000 31,000 166,000 86,400 101,000 607,000 3,875 174,000 152,000 666 184,600 69,000 124,003 9,000 92,112 127,400 31,000 93,000 218,000 558,440 149,000 54,000 143,000 13,000 721,000 67,589 29,000 232,000 10,000 169,000 663,000 416,000 140,000 408,500 591,000 20,000 50,000 105,000 173,000 44,600 30,000 
14,000 270,000 89,000 576,000 251,000 13,000 91,000 60,000 100,001 129,000 60,000 151,000 95,000 59,001 1,000 49,000 20,000 135,000 369,999 151,000 166,400 125,650 174,000 20,000 69,000 58,000 761,000 21,000 750,000 340,000 154,000 111,800 89,000 103,000 124,000 130,100 482,000 92,175 770,000 101,000 621,000 130,000 39,000 221,000 133,000 35,000 99,000 124,000 130,000 129,100 91,000 126,000 193,350 177,000 706,000 103,700 151,000 39,000 37,000 94,000 368,000 144,000 251,188 106,000 201,000 39,000 177,000 54,000 19,000 104,000 69,800 130,000 42,000 189,000 624,000 48,000 136,900 154,000 45,000 20,000 34,000 149,000 96,000 57,650 127,000 371,000 39,950 44,000 30,000 111,000 121,000 14,000 667,000 229,000 50,500 30,000 114,000 81,000 721,000 121,000 270,000 421,000 75,000 7,000 19,000 470,000 60,000 100,000 124,000 0 104,000 31,000 320,000 423,900 84,000 135,000 179,000 87,000 51,000 110,000 153,000 174,000 385,000 110,000 130,000 147,419 156,000 124,500 174,000 171,800 521,000 85,000 446,000 170,000 174,000 189,400 145,000 21,000 231,000 49,000 80,000 34,000 69,000 37,000 54,400 370,000 113,000 270,000 311,000 121,000 161,000 212,900 130,000 464,000 167,000 521,000 27,000 361,000 67,000 34,718 79,000 110,000 170,000 193,270 175,000 174,000 126,000 167,000 139,100 144,000 114,000 79,000 174,000 14,000 162,000 84,000 120,000 59,000 51,000 170,000 599,000 50,000 141,000 44,000 263,000 41,000 21,000 109,000 121,000 270,000 147,001 72,000 159,000 161,000 48,000 84,000 341,000 40,000 145,400 126,000 147,700 9,000 69,000 29,000 169,000 551,000 259,600 40,000 160,500 23,035 47,130 93,000 7,000 361,000 100,000 209,000 194,000 266,000 70,334 125,700 144,000 107,000 51,000 60,000 370,000 83,800 770,000 109,000 30,000 175,000 120,000 62,000 717,921 421,000 169,000 355,000 170,000 721,000 461,000 6,000 114,000 59,000 86,000 150,000 109,000 151,000 670,000 63,380 120,000 94,500 503,000 82,000 169,000 50,000 39,000 174,000 444,200 218,567 10,000 119,000 69,000 4,000 47,138 54,000 108,000 406,169 54,000 114,000 80,000 60,000 233,000 99,000 621,000 20,000 70,000 
147,000 79,000 499,000 24,000 154,800 321,000 172,350 130,000 9,000 321,000 144,000 60,000 109,000 94,000 29,000 204,100 49,000 37,000 75,000 30,000 92,000 134,000 11,000 119,000 761,000 10,000 110,000 100,000 71,000 190,000 360,000 140,000 59,000 551,000 111,000 469,500 110,000 525,000 30,000 370,000 330,000 80,650 19,000 720,000 20,000 262,680 95,000 618,000 174,000 34,000 1,000 96,700 57,000 129,000 342,320 39,000 221,000 147,000 256,000 221,000 114,000 447,000 44,188 176,500 27,576 115,950 267,800 80,000 51,000 175,000 584,000 69,000 671,000 121,000 5,000 134,000 523,059 9,000 120,000 659,000 130,000 39,000 320,000 90,000 461,000 151,000 29,000 421,000 97,000 621,000 21,000 6,000 99,100 120,000 177,800 178,100 34,000 130,000 40,000 39,000 44,000 210,000 50,000 8,000 150,334 114,850 154,000 696,000 671,000 41,080 40,000 309,000 71,000 161,000 169,000 221,000 370,000 119,000 201,000 151,000 150,000 144,000 351,000 144,000 163,000 68,000 40,000 
100%|██████████████████████████████████████████████████████████████████████████████████████████████████████████████████| 3872/3872 [00:00<00:00, 104849.48it/s] 
144,000 271,000 210,000 141,000 561,000 86,500 59,000 164,000 90,000 681,440 49,000 129,000 83,434 720,000 110,000 137,000 170,000 17,250 6,900 0 70,000 32,000 
31,500 221,000 100,000 121,000 34,000 571,000 94,000 169,000 154,000 18,000 11,000 64,000 45,500 626,000 1,000 84,000 208,000 80,000 55,000 169,000 210,000 210,999 169,000 488,000 701,000 146,000 721,000 44,000 79,000 130,000 130,000 103,000 160,000 370,000 1,000 64,000 28,000 765,700 80,650 31,000 84,000 15,900 246,000 164,000 104,000 164,000 114,000 158,100 29,000 149,000 175,000 54,000 231,000 161,000 173,000 131,000 146,000 191,000 162,000 9,760 50,000 520,000 180,000 529,000 100,000 117,000 718,150 164,000 237,700 80,000 440,000 404,420 144,000 551,000 109,000 100,000 624,000 170,000 31,000 79,000 243,000 106,000 427,000 423,000 23,035 157,750 103,000 174,000 54,000 61,000 37,000 754,250 19,000 666,000 5,000 150,000 30,400 133,000 733,000 169,000 770,000 16,630 170,000 60,000 170,999 
101,000 421,000 39,000 301,000 320,000 281,000 250,000 251,000 201,000 30,000 142,461 156,000 118,400 120,000 241,000 70,000 403,000 61,000 80,000 129,000 80,000 370,000 270,000 270,000 110,000 33,900 381,000 29,000 91,000 112,650 141,000 30,200 29,000 157,000 70,000 104,000 80,000 60,000 196,000 61,300 69,000 496,000 
39,000 16,000 16,000 320,000 70,000 23,035 130,000 211,000 130,000 161,000 64,000 51,000 69,000 13,000 21,000 100,000 70,000 89,000 671,000 270,000 100,000 141,000 134,000 165,000 174,000 30,000 770,000 362,640 111,000 329,000 159,000 193,000 770,000 68,000 6,000 321,000 645,471 661,000 260,000 166,000 64,000 130,000 271,000 251,000 29,000 37,000 49,000 121,000 421,000 9,000 104,000 121,000 33,500 110,000 451,000 83,000 29,000 231,000 111,000 86,000 30,000 6,000 229,850 51,000 63,400 79,000 240,000 199,000 14,000 114,850 116,000 29,000 461,000 400,000 20,000 139,356 127,000 21,000 186,000 320,000 646,000 21,000 41,000 65,000 131,000 139,000 80,000 0 137,000 209,000 136,000 291,000 21,000 28,000 54,000 43,900 654,500 40,000 70,000 39,000 243,284 1,000 67,589 370,000 104,000 154,000 162,000 
2,000 130,000 199,000 60,000 68,600 148,464 70,000 161,000 79,000 22,000 119,000 133,000 165,000 50,000 19,000 500,000 155,000 150,000 381,339 145,000 141,000 421,000 521,000 134,000 56,660 122,000 430,000 29,000 181,000 110,000 9,000 90,000 49,000 621,000 16,200 62,000 20,000 23,035 140,000 114,000 335,000 160,000 115,950 88,000 166,000 80,000 140,000 129,000 74,000 194,000 250,200 280,000 30,000 79,000 501,000 105,000 30,000 3,000 29,000 235,000 179,000 70,000 23,035 30,000 103,000 281,000 361,000 149,000 4,000 74,100 64,000 61,000 82,000 546,111 221,000 321,000 76,000 73,000 123,000 44,000 174,000 370,000 61,000 77,000 175,000 109,000 270,000 60,842 174,000 43,000 320,000 156,000 74,000 440,000 261,000 39,000 9,000 64,000 80,500 96,000 119,000 9,000 0 51,000 20,000 148,000 460,000 153,200 90,000 79,000 160,700 30,000 170,600 124,720 120,000 31,000 45,171 21,000 148,500 94,000 142,000 16,000 661,000 60,000 138,000 130,000 119,000 39,000 135,900 131,000 64,000 160,000 64,000 120,000 94,000 470,000 551,000 66,500 70,000 770,000 551,000 176,000 93,000 448,000 120,000 490,000 51,000 37,781 69,000 144,750 
66,000 60,000 72,000 9,000 79,000 49,000 51,000 131,180 106,000 150,000 551,000 219,000 170,000 120,000 129,000 178,300 721,000 169,000 141,000 469,000 381,000 
251,000 21,000 70,000 0 132,000 60,748 79,000 156,000 140,000 44,000 101,324 91,000 17,000 84,000 103,000 41,000 91,000 697,500 130,000 16,000 255,000 50,000 79,000 94,000 10,000 52,999 174,000 241,000 120,000 169,200 54,000 470,000 744,000 731,000 110,000 60,000 66,000 611,000 174,000 169,200 3,000 129,000 169,000 30,000 67,000 79,701 12,000 173,000 10,100 22,298 309,000 49,000 11,000 101,000 30,000 60,000 59,000 169,000 87,100 174,000 50,000 431,000 620,000 21,000 165,000 282,000 329,900 96,000 50,000 17,226 84,000 60,000 132,939 3,000 125,000 151,000 80,000 147,500 111,000 120,000 70,000 84,500 21,000 140,000 54,000 42,000 172,000 162,000 314,000 140,000 14,000 123,000 30,000 164,000 174,000 164,000 1,000 559,000 68,450 133,000 321,000 109,000 179,100 740,000 89,000 70,000 161,000 16,100 100,000 461,000 471,000 148,360 40,000 320,000 182,000 79,950 174,000 131,000 81,000 135,000 132,111 130,000 80,000 370,000 120,000 30,000 510,000 186,000 48,000 132,000 91,000 170,000 126,000 107,000 42,500 195,000 30,000 261,000 20,500 59,000 49,000 530,000 11,350 16,000 150 30,000 23,035 40,000 421,000 101,000 30,000 131,180 270,000 156,000 
Median Pricer Results (3872 items):
  RMSLE:  0.7736
  MAE:    169,571 VND
  MAPE:   77.4%
  R2:     -10.4%

--- Ridge (Arch B + Cat, log) ---
Ridge train: 0.9s

Ridge (B+Cat, log) (3872 items):
  RMSLE:  0.5415
  MAE:    114,785 VND
  MAPE:   46.6%
  R2:     42.5%

--- Ridge (Arch C + Cat, log) ---
Ridge C train: 8.2s

Ridge (C+Cat, log) (3872 items):
  RMSLE:  0.5697
  MAE:    121,307 VND
  MAPE:   49.6%
  R2:     37.3%

--- LR (Arch B + Cat, log) ---
LR log train: 3.3s

LR (B+Cat, log) (3872 items):
  RMSLE:  0.5493
  MAE:    117,714 VND
  MAPE:   47.3%
  R2:     36.3%

--- Random Forest (Arch B + Cat, log) ---
[Parallel(n_jobs=6)]: Using backend ThreadingBackend with 6 concurrent workers.
[Parallel(n_jobs=6)]: Done  38 tasks      | elapsed:  2.7min
[Parallel(n_jobs=6)]: Done 188 tasks      | elapsed: 12.3min
[Parallel(n_jobs=6)]: Done 300 out of 300 | elapsed: 19.4min finished

RF train: 1164.8s (40,000 samples)
[Parallel(n_jobs=6)]: Using backend ThreadingBackend with 6 concurrent workers.
[Parallel(n_jobs=6)]: Done  38 tasks      | elapsed:    0.0s
[Parallel(n_jobs=6)]: Done 188 tasks      | elapsed:    0.0s
[Parallel(n_jobs=6)]: Done 300 out of 300 | elapsed:    0.0s finished

RF (B+Cat, log) (3872 items):
  RMSLE:  0.5801
  MAE:    124,061 VND
  MAPE:   51.2%
  R2:     34.5%

--- XGBoost (Arch B + Cat, log) ---
XGBoost: 100%|█████████████████████████████████████████████████████████████████████████████████████████████████████████████| 1000/1000 [03:12<00:00,  5.19it/s] 
XGBoost train: 192.8s

XGBoost (B+Cat, log) (3872 items):
  RMSLE:  0.5522
  MAE:    118,905 VND
  MAPE:   48.1%
  R2:     39.0%

--- LightGBM (Arch B + Cat, log) ---
LightGBM: 100%|████████████████████████████████████████████████████████████████████████████████████████████████████████████| 1000/1000 [00:33<00:00, 29.54it/s] 
LightGBM train: 33.9s
C:\hieu\DACN3\.venv\Lib\site-packages\sklearn\utils\validation.py:2749: UserWarning:

X does not have valid feature names, but LGBMRegressor was fitted with feature names


LightGBM (B+Cat, log) (3872 items):
  RMSLE:  0.5286
  MAE:    112,889 VND
  MAPE:   45.1%
  R2:     44.7%

--- CatBoost (Arch B + Cat, log) ---
0:      learn: 0.7621653        total: 309ms    remaining: 5m 9s
100:    learn: 0.6549305        total: 15.7s    remaining: 2m 20s
200:    learn: 0.6258439        total: 32.3s    remaining: 2m 8s
300:    learn: 0.6062159        total: 48.8s    remaining: 1m 53s
400:    learn: 0.5918573        total: 1m 5s    remaining: 1m 37s
500:    learn: 0.5803551        total: 1m 21s   remaining: 1m 21s
600:    learn: 0.5704149        total: 1m 38s   remaining: 1m 5s
700:    learn: 0.5614917        total: 1m 54s   remaining: 49s
800:    learn: 0.5536900        total: 2m 11s   remaining: 32.6s
900:    learn: 0.5465155        total: 2m 27s   remaining: 16.2s
999:    learn: 0.5399181        total: 2m 43s   remaining: 0us
CatBoost train: 164.7s

CatBoost (B+Cat, log) (3872 items):
  RMSLE:  0.5609
  MAE:    121,815 VND
  MAPE:   49.4%
  R2:     36.5%

--- LightGBM (Arch C + Cat, log) ---
LightGBM C: 100%|██████████████████████████████████████████████████████████████████████████████████████████████████████████| 1000/1000 [03:22<00:00,  4.94it/s] 
LightGBM C train: 202.6s
C:\hieu\DACN3\.venv\Lib\site-packages\sklearn\utils\validation.py:2749: UserWarning:

X does not have valid feature names, but LGBMRegressor was fitted with feature names


LightGBM (C+Cat, log) (3872 items):
  RMSLE:  0.5392
  MAE:    114,505 VND
  MAPE:   46.0%
  R2:     43.0%

===========================================================================
PHASE 3: LightGBM Optuna Tuning (Arch B + Cat, log)
===========================================================================
Running 50 Optuna trials on validation set (3,926 items)...
  0%|                                                                                                                                   | 0/50 [00:00<?, ?it/s]C:\hieu\DACN3\.venv\Lib\site-packages\sklearn\utils\validation.py:2749: UserWarning:

X does not have valid feature names, but LGBMRegressor was fitted with feature names

Best trial: 0. Best value: 0.570626:   2%|█▋                                                                                 | 1/50 [02:29<2:01:51, 149.22s/it]C:\hieu\DACN3\.venv\Lib\site-packages\sklearn\utils\validation.py:2749: UserWarning:

X does not have valid feature names, but LGBMRegressor was fitted with feature names

Best trial: 0. Best value: 0.570626:   4%|███▎                                                                               | 2/50 [03:51<1:27:51, 109.82s/it]C:\hieu\DACN3\.venv\Lib\site-packages\sklearn\utils\validation.py:2749: UserWarning:

X does not have valid feature names, but LGBMRegressor was fitted with feature names

Best trial: 0. Best value: 0.570626:   6%|████▉                                                                              | 3/50 [05:23<1:19:34, 101.58s/it]C:\hieu\DACN3\.venv\Lib\site-packages\sklearn\utils\validation.py:2749: UserWarning:

X does not have valid feature names, but LGBMRegressor was fitted with feature names

Best trial: 3. Best value: 0.566032:   8%|██████▋                                                                            | 4/50 [07:25<1:24:09, 109.76s/it]C:\hieu\DACN3\.venv\Lib\site-packages\sklearn\utils\validation.py:2749: UserWarning:

X does not have valid feature names, but LGBMRegressor was fitted with feature names

Best trial: 3. Best value: 0.566032:  10%|████████▎                                                                          | 5/50 [09:45<1:30:32, 120.73s/it]C:\hieu\DACN3\.venv\Lib\site-packages\sklearn\utils\validation.py:2749: UserWarning:

X does not have valid feature names, but LGBMRegressor was fitted with feature names

Best trial: 3. Best value: 0.566032:  12%|██████████                                                                          | 6/50 [10:25<1:08:13, 93.04s/it]C:\hieu\DACN3\.venv\Lib\site-packages\sklearn\utils\validation.py:2749: UserWarning:

X does not have valid feature names, but LGBMRegressor was fitted with feature names

Best trial: 3. Best value: 0.566032:  14%|████████████                                                                          | 7/50 [11:26<59:17, 82.73s/it]C:\hieu\DACN3\.venv\Lib\site-packages\sklearn\utils\validation.py:2749: UserWarning:

X does not have valid feature names, but LGBMRegressor was fitted with feature names

Best trial: 3. Best value: 0.566032:  16%|█████████████▊                                                                        | 8/50 [12:20<51:31, 73.61s/it]C:\hieu\DACN3\.venv\Lib\site-packages\sklearn\utils\validation.py:2749: UserWarning:

X does not have valid feature names, but LGBMRegressor was fitted with feature names

Best trial: 3. Best value: 0.566032:  18%|██████████████▉                                                                    | 9/50 [15:04<1:09:36, 101.86s/it]C:\hieu\DACN3\.venv\Lib\site-packages\sklearn\utils\validation.py:2749: UserWarning:

X does not have valid feature names, but LGBMRegressor was fitted with feature names

Best trial: 3. Best value: 0.566032:  20%|█████████████████                                                                    | 10/50 [15:41<54:36, 81.91s/it]C:\hieu\DACN3\.venv\Lib\site-packages\sklearn\utils\validation.py:2749: UserWarning:

X does not have valid feature names, but LGBMRegressor was fitted with feature names

Best trial: 3. Best value: 0.566032:  22%|██████████████████▋                                                                  | 11/50 [17:16<55:52, 85.97s/it]C:\hieu\DACN3\.venv\Lib\site-packages\sklearn\utils\validation.py:2749: UserWarning:

X does not have valid feature names, but LGBMRegressor was fitted with feature names

Best trial: 3. Best value: 0.566032:  24%|████████████████████▍                                                                | 12/50 [18:51<56:04, 88.53s/it]C:\hieu\DACN3\.venv\Lib\site-packages\sklearn\utils\validation.py:2749: UserWarning:

X does not have valid feature names, but LGBMRegressor was fitted with feature names

Best trial: 3. Best value: 0.566032:  26%|█████████████████████▌                                                             | 13/50 [20:49<1:00:06, 97.49s/it]C:\hieu\DACN3\.venv\Lib\site-packages\sklearn\utils\validation.py:2749: UserWarning:

X does not have valid feature names, but LGBMRegressor was fitted with feature names

Best trial: 3. Best value: 0.566032:  28%|███████████████████████▊                                                             | 14/50 [22:14<56:14, 93.73s/it]C:\hieu\DACN3\.venv\Lib\site-packages\sklearn\utils\validation.py:2749: UserWarning:

X does not have valid feature names, but LGBMRegressor was fitted with feature names

Best trial: 14. Best value: 0.564049:  30%|█████████████████████████▏                                                          | 15/50 [23:29<51:19, 88.00s/it]C:\hieu\DACN3\.venv\Lib\site-packages\sklearn\utils\validation.py:2749: UserWarning:

X does not have valid feature names, but LGBMRegressor was fitted with feature names

Best trial: 14. Best value: 0.564049:  32%|██████████████████████████▉                                                         | 16/50 [24:32<45:40, 80.61s/it]C:\hieu\DACN3\.venv\Lib\site-packages\sklearn\utils\validation.py:2749: UserWarning:

X does not have valid feature names, but LGBMRegressor was fitted with feature names

Best trial: 14. Best value: 0.564049:  34%|████████████████████████████▌                                                       | 17/50 [25:14<37:54, 68.91s/it]C:\hieu\DACN3\.venv\Lib\site-packages\sklearn\utils\validation.py:2749: UserWarning:

X does not have valid feature names, but LGBMRegressor was fitted with feature names

Best trial: 14. Best value: 0.564049:  36%|██████████████████████████████▏                                                     | 18/50 [26:48<40:43, 76.37s/it]C:\hieu\DACN3\.venv\Lib\site-packages\sklearn\utils\validation.py:2749: UserWarning:

X does not have valid feature names, but LGBMRegressor was fitted with feature names

Best trial: 14. Best value: 0.564049:  38%|███████████████████████████████▉                                                    | 19/50 [28:17<41:26, 80.19s/it]C:\hieu\DACN3\.venv\Lib\site-packages\sklearn\utils\validation.py:2749: UserWarning:

X does not have valid feature names, but LGBMRegressor was fitted with feature names

Best trial: 14. Best value: 0.564049:  40%|█████████████████████████████████▌                                                  | 20/50 [29:51<42:14, 84.50s/it]C:\hieu\DACN3\.venv\Lib\site-packages\sklearn\utils\validation.py:2749: UserWarning:

X does not have valid feature names, but LGBMRegressor was fitted with feature names

Best trial: 20. Best value: 0.56047:  42%|███████████████████████████████████▋                                                 | 21/50 [31:31<43:03, 89.09s/it]C:\hieu\DACN3\.venv\Lib\site-packages\sklearn\utils\validation.py:2749: UserWarning:

X does not have valid feature names, but LGBMRegressor was fitted with feature names

Best trial: 20. Best value: 0.56047:  44%|█████████████████████████████████████▍                                               | 22/50 [33:20<44:23, 95.14s/it]C:\hieu\DACN3\.venv\Lib\site-packages\sklearn\utils\validation.py:2749: UserWarning:

X does not have valid feature names, but LGBMRegressor was fitted with feature names

Best trial: 20. Best value: 0.56047:  46%|███████████████████████████████████████                                              | 23/50 [35:00<43:24, 96.47s/it]C:\hieu\DACN3\.venv\Lib\site-packages\sklearn\utils\validation.py:2749: UserWarning:

X does not have valid feature names, but LGBMRegressor was fitted with feature names

Best trial: 20. Best value: 0.56047:  48%|████████████████████████████████████████▊                                            | 24/50 [36:32<41:13, 95.15s/it]C:\hieu\DACN3\.venv\Lib\site-packages\sklearn\utils\validation.py:2749: UserWarning:

X does not have valid feature names, but LGBMRegressor was fitted with feature names

Best trial: 20. Best value: 0.56047:  50%|██████████████████████████████████████████▌                                          | 25/50 [38:11<40:05, 96.21s/it]C:\hieu\DACN3\.venv\Lib\site-packages\sklearn\utils\validation.py:2749: UserWarning:

X does not have valid feature names, but LGBMRegressor was fitted with feature names

Best trial: 20. Best value: 0.56047:  52%|████████████████████████████████████████████▏                                        | 26/50 [39:33<36:50, 92.09s/it]C:\hieu\DACN3\.venv\Lib\site-packages\sklearn\utils\validation.py:2749: UserWarning:

X does not have valid feature names, but LGBMRegressor was fitted with feature names

Best trial: 20. Best value: 0.56047:  54%|█████████████████████████████████████████████▉                                       | 27/50 [40:42<32:37, 85.10s/it]C:\hieu\DACN3\.venv\Lib\site-packages\sklearn\utils\validation.py:2749: UserWarning:

X does not have valid feature names, but LGBMRegressor was fitted with feature names

Best trial: 20. Best value: 0.56047:  56%|███████████████████████████████████████████████▌                                     | 28/50 [41:50<29:17, 79.90s/it]C:\hieu\DACN3\.venv\Lib\site-packages\sklearn\utils\validation.py:2749: UserWarning:

X does not have valid feature names, but LGBMRegressor was fitted with feature names

Best trial: 20. Best value: 0.56047:  58%|█████████████████████████████████████████████████▎                                   | 29/50 [43:16<28:37, 81.81s/it]C:\hieu\DACN3\.venv\Lib\site-packages\sklearn\utils\validation.py:2749: UserWarning:

X does not have valid feature names, but LGBMRegressor was fitted with feature names

Best trial: 29. Best value: 0.559616:  60%|██████████████████████████████████████████████████▍                                 | 30/50 [45:11<30:33, 91.67s/it]C:\hieu\DACN3\.venv\Lib\site-packages\sklearn\utils\validation.py:2749: UserWarning:

X does not have valid feature names, but LGBMRegressor was fitted with feature names

Best trial: 29. Best value: 0.559616:  62%|███████████████████████████████████████████████████▍                               | 31/50 [47:10<31:41, 100.07s/it]C:\hieu\DACN3\.venv\Lib\site-packages\sklearn\utils\validation.py:2749: UserWarning:

X does not have valid feature names, but LGBMRegressor was fitted with feature names

Best trial: 29. Best value: 0.559616:  64%|█████████████████████████████████████████████████████                              | 32/50 [48:56<30:32, 101.82s/it]C:\hieu\DACN3\.venv\Lib\site-packages\sklearn\utils\validation.py:2749: UserWarning:

X does not have valid feature names, but LGBMRegressor was fitted with feature names

Best trial: 29. Best value: 0.559616:  66%|██████████████████████████████████████████████████████▊                            | 33/50 [50:37<28:46, 101.54s/it]
Best trial: 29. Best value: 0.559616:  68%|████████████████████████████████████████████████████████▍                          | 34/50 [52:35<28:24, 106.50s/it]C:\hieu\DACN3\.venv\Lib\site-packages\sklearn\utils\validation.py:2749: UserWarning:

X does not have valid feature names, but LGBMRegressor was fitted with feature names

Best trial: 29. Best value: 0.559616:  70%|██████████████████████████████████████████████████████████                         | 35/50 [54:12<25:53, 103.57s/it]C:\hieu\DACN3\.venv\Lib\site-packages\sklearn\utils\validation.py:2749: UserWarning:

X does not have valid feature names, but LGBMRegressor was fitted with feature names

Best trial: 29. Best value: 0.559616:  72%|███████████████████████████████████████████████████████████▊                       | 36/50 [56:28<26:27, 113.36s/it]C:\hieu\DACN3\.venv\Lib\site-packages\sklearn\utils\validation.py:2749: UserWarning:

X does not have valid feature names, but LGBMRegressor was fitted with feature names

Best trial: 29. Best value: 0.559616:  74%|█████████████████████████████████████████████████████████████▍                     | 37/50 [58:47<26:13, 121.05s/it]C:\hieu\DACN3\.venv\Lib\site-packages\sklearn\utils\validation.py:2749: UserWarning:

X does not have valid feature names, but LGBMRegressor was fitted with feature names

Best trial: 29. Best value: 0.559616:  76%|█████████████████████████████████████████████████████████████▌                   | 38/50 [1:00:37<23:32, 117.69s/it]C:\hieu\DACN3\.venv\Lib\site-packages\sklearn\utils\validation.py:2749: UserWarning:

X does not have valid feature names, but LGBMRegressor was fitted with feature names

Best trial: 29. Best value: 0.559616:  78%|███████████████████████████████████████████████████████████████▏                 | 39/50 [1:02:20<20:47, 113.42s/it]C:\hieu\DACN3\.venv\Lib\site-packages\sklearn\utils\validation.py:2749: UserWarning:

X does not have valid feature names, but LGBMRegressor was fitted with feature names

Best trial: 29. Best value: 0.559616:  80%|████████████████████████████████████████████████████████████████▊                | 40/50 [1:04:25<19:28, 116.85s/it]C:\hieu\DACN3\.venv\Lib\site-packages\sklearn\utils\validation.py:2749: UserWarning:

X does not have valid feature names, but LGBMRegressor was fitted with feature names

Best trial: 29. Best value: 0.559616:  82%|███████████████████████████████████████████████████████████████████▏              | 41/50 [1:05:24<14:56, 99.58s/it]C:\hieu\DACN3\.venv\Lib\site-packages\sklearn\utils\validation.py:2749: UserWarning:

X does not have valid feature names, but LGBMRegressor was fitted with feature names

Best trial: 29. Best value: 0.559616:  84%|████████████████████████████████████████████████████████████████████             | 42/50 [1:07:24<14:04, 105.58s/it]C:\hieu\DACN3\.venv\Lib\site-packages\sklearn\utils\validation.py:2749: UserWarning:

X does not have valid feature names, but LGBMRegressor was fitted with feature names

Best trial: 42. Best value: 0.558797:  86%|█████████████████████████████████████████████████████████████████████▋           | 43/50 [1:10:13<14:31, 124.46s/it]C:\hieu\DACN3\.venv\Lib\site-packages\sklearn\utils\validation.py:2749: UserWarning:

X does not have valid feature names, but LGBMRegressor was fitted with feature names

Best trial: 42. Best value: 0.558797:  88%|███████████████████████████████████████████████████████████████████████▎         | 44/50 [1:13:07<13:56, 139.50s/it]C:\hieu\DACN3\.venv\Lib\site-packages\sklearn\utils\validation.py:2749: UserWarning:

X does not have valid feature names, but LGBMRegressor was fitted with feature names

Best trial: 42. Best value: 0.558797:  90%|████████████████████████████████████████████████████████████████████████▉        | 45/50 [1:15:49<12:11, 146.28s/it]C:\hieu\DACN3\.venv\Lib\site-packages\sklearn\utils\validation.py:2749: UserWarning:

X does not have valid feature names, but LGBMRegressor was fitted with feature names

Best trial: 42. Best value: 0.558797:  92%|██████████████████████████████████████████████████████████████████████████▌      | 46/50 [1:18:23<09:54, 148.63s/it]C:\hieu\DACN3\.venv\Lib\site-packages\sklearn\utils\validation.py:2749: UserWarning:

X does not have valid feature names, but LGBMRegressor was fitted with feature names

Best trial: 42. Best value: 0.558797:  94%|████████████████████████████████████████████████████████████████████████████▏    | 47/50 [1:20:59<07:32, 150.88s/it]C:\hieu\DACN3\.venv\Lib\site-packages\sklearn\utils\validation.py:2749: UserWarning:

X does not have valid feature names, but LGBMRegressor was fitted with feature names

Best trial: 42. Best value: 0.558797:  96%|█████████████████████████████████████████████████████████████████████████████▊   | 48/50 [1:23:13<04:51, 145.77s/it]C:\hieu\DACN3\.venv\Lib\site-packages\sklearn\utils\validation.py:2749: UserWarning:

X does not have valid feature names, but LGBMRegressor was fitted with feature names

Best trial: 42. Best value: 0.558797:  98%|███████████████████████████████████████████████████████████████████████████████▍ | 49/50 [1:26:08<02:34, 154.52s/it]C:\hieu\DACN3\.venv\Lib\site-packages\sklearn\utils\validation.py:2749: UserWarning:

X does not have valid feature names, but LGBMRegressor was fitted with feature names

Best trial: 42. Best value: 0.558797: 100%|█████████████████████████████████████████████████████████████████████████████████| 50/50 [1:28:45<00:00, 106.51s/it]
Optuna done: 5325.5s
Best val RMSLE: 0.5588
Best params: {'num_leaves': 173, 'min_child_samples': 50, 'feature_fraction': 0.6893032918775138, 'lambda_l1': 0.01117921931767211, 'lambda_l2': 0.1552926957751869, 'learning_rate': 0.032044617163875105}

--- Best LightGBM (tuned, Arch B + Cat, log) ---
Best LightGBM train: 181.1s
C:\hieu\DACN3\.venv\Lib\site-packages\sklearn\utils\validation.py:2749: UserWarning:

X does not have valid feature names, but LGBMRegressor was fitted with feature names


LightGBM Tuned (B+Cat, log) (3872 items):
  RMSLE:  0.5459
  MAE:    114,852 VND
  MAPE:   46.9%
  R2:     43.1%

--- Best LightGBM (tuned, Arch C + Cat, log) ---
Best LightGBM C train: 982.2s
C:\hieu\DACN3\.venv\Lib\site-packages\sklearn\utils\validation.py:2749: UserWarning:

X does not have valid feature names, but LGBMRegressor was fitted with feature names


LightGBM Tuned (C+Cat, log) (3872 items):
  RMSLE:  0.5217
  MAE:    110,530 VND
  MAPE:   44.0%
  R2:     46.2%

===========================================================================
PHASE 4: Weighted Blending (top models)
===========================================================================
C:\hieu\DACN3\.venv\Lib\site-packages\sklearn\utils\validation.py:2749: UserWarning:

X does not have valid feature names, but LGBMRegressor was fitted with feature names

Optimal weights (val):
  LightGBM Tuned B: 0.188
  XGBoost B: 0.108
  CatBoost B: 0.000
  LightGBM Tuned C: 0.704
Val blend RMSLE: 0.5308

Blended (3,872 test items):
  RMSLE:  0.5164
  MAE:    109,725 VND
  MAPE:   44.0%
  R2:     47.1%

===========================================================================
FINAL SUMMARY — Day 3 v3 ML Optimization (<= 1,000,000 VND)
===========================================================================

Model                                    RMSLE       MAE (VND)   MAPE (%)     R2 (%)
--------------------------------------------------------------------------------
Blended (4 models)                      0.5164         109,725       44.0       47.1
LightGBM Tuned (C+Cat, log)             0.5217         110,530       44.0       46.2
LightGBM (B+Cat, log)                   0.5286         112,889       45.1       44.7
LightGBM (C+Cat, log)                   0.5392         114,505       46.0       43.0
Ridge (B+Cat, log)                      0.5415         114,785       46.6       42.5
LightGBM Tuned (B+Cat, log)             0.5459         114,852       46.9       43.1
LR (B+Cat, log)                         0.5493         117,714       47.3       36.3
XGBoost (B+Cat, log)                    0.5522         118,905       48.1       39.0
CatBoost (B+Cat, log)                   0.5609         121,815       49.4       36.5
Ridge (C+Cat, log)                      0.5697         121,307       49.6       37.3
RF (B+Cat, log)                         0.5801         124,061       51.2       34.5
Median (baseline)                       0.7736         169,571       77.4      -10.4

Best model: Blended (4 models) -- RMSLE=0.5164

--- v2 vs v3 ---
v2 best (LightGBM, 200 items):  RMSLE=0.5799
v3 best (Blended (4 models)): RMSLE=0.5164
Improvement: 10.9%