PS C:\hieu\DACN3\scraping_data_tv\Data_processing_for_Vietnamese_data> uv run day3_baseline_ml_1m.py
Loading dataset: SeanSunny/items_tv_v6
Raw: 110,000 train | 5,000 val | 5,000 test
Filtered <= 1,000,000 VND:
  Train: 85,727 | Val: 3,926 | Test: 3,872
  Price range: 4,900 - 1,000,000 VND
  Mean: 301,687 | Median: 229,000 | Std: 228,179

============================================================
STEP 3a: Random Pricer
============================================================
100%|████████████████████████████████████████████████████████████████████████████████████████████████████████████████████████████████| 200/200 [00:00<?, ?it/s]
195,987 22,639 5,125 422,472 167,289 423,313 45,047 189,784 727,146 35,627 445,470 536,546 413,418 524,758 227,939 435,076 317,317 110,774 73,856 119,854 199,342 701,138 311,803 471,162 67,276 294,408 17,396 640,700 128,647 621,292 405,312 365,798 168,048 286,929 546,949 207,604 713,649 747,427 882,286 34,433 554,862 51,186 286,953 310,043 271,679 483,731 117,932 65,672 719,481 208,844 48,825 262,849 315,282 872,686 306,317 674,562 280,995 433,702 42,730 701,235 774,539 550,079 373,641 482,175 64,211 746,996 142,822 428,938 3,756 237,319 639,593 545,076 464,464 483,363 719,465 265,101 60,297 7,529 394,697 223,167 192,050 8,284 6,132 125,520 259,345 319,133 752,765 149,998 804,473 11,807 145,509 97,376 327,335 218,537 780,528 198,454 199,545 406,938 298,428 84,584 497,629 105,846 513,311 688,053 158,651 462,414 170,230 605,120 480,722 35,649 222,286 558,444 737,398 6,239 34,614 342,787 91,040 126,242 571,988 611,490 147,904 93,183 493,770 248,935 312,694 539,365 529,594 35,445 608,926 696,622 391,441 801,051 163,324 370,551 96,354 64,697 92,869 463,392 661,612 329,631 543,838 700,687 84,863 172,855 267,177 473,381 120,750 463,557 808,872 613,979 161,959 101,361 616,354 547,687 176,507 12,923 454,537 28,942 109,404 719,800 337,882 385,145 711,335 384,007 294,701 316,480 64,126 319,049 398,379 467,612 328,175 552,204 374,695 722,831 660,125 194,835 118,124 117,653 145,455 101,680 372,566 461,280 78,487 253,357 198,258 539,734 216,685 258,284 30,474 349,999 457,492 454,110 308,062 519,228 621,631 132,181 630,725 112,947 448,954 722,252 
Random Pricer Results (200 items):
  RMSLE:  1.3126
  MAE:    343,784 VND
  MAPE:   227.0%
  R2:     -200.5%

============================================================
STEP 3b: Mean Pricer
============================================================
Training average: 301,687 VND
100%|████████████████████████████████████████████████████████████████████████████████████████████████████████████████████| 200/200 [00:00<00:00, 195766.81it/s]
177,713 202,687 275,687 58,313 175,687 383,313 17,687 39,313 251,687 153,687 32,687 56,687 225,313 249,687 22,313 112,687 171,687 152,687 191,687 78,687 131,813 648,313 78,687 136,687 201,687 2,687 105,687 186,687 513,313 182,687 130,687 222,687 233,687 112,687 225,847 212,687 161,687 132,687 592,313 533,313 6,687 78,187 148,312 163,687 211,688 478,313 251,687 136,687 215,687 152,687 238,437 63,313 213,687 677,313 226,687 82,687 344,871 97,437 23,313 151,687 523,313 81,687 188,687 216,687 101,687 76,687 42,687 214,778 278,313 226,687 66,687 182,687 112,687 148,313 112,687 182,687 248,313 102,687 47,313 687 56,687 388,313 51,687 388,313 252,687 106,013 152,687 202,687 192,687 202,687 247,313 102,687 148,687 588,313 202,687 112,687 73,313 498,313 222,687 161,687 91,687 122,687 74,187 2,687 261,313 79,687 51,687 263,187 111,687 81,687 41,013 90,687 697,313 131,687 153,313 241,687 77,313 547,313 197,687 186,687 139,313 159,687 72,687 205,687 274,313 30,517 12,687 202,687 552,313 131,687 128,313 253,687 197,313 246,687 80,313 162,687 17,313 197,313 30,313 31,687 78,313 244,687 51,687 246,687 123,313 246,687 2,687 167,313 146,687 236,687 346,313 248,337 597,313 397,313 214,687 497,313 162,687 297,313 130,687 233,287 21,687 232,687 66,687 68,916 172,687 233,687 2,687 167,313 160,889 688,313 126,713 56,496 127,313 116,687 478,313 58,313 243,013 246,687 388,313 315,069 226,687 132,687 151,687 146,687 94,889 211,687 22,687 516,313 2,687 66,687 148,313 237,313 23,313 102,687 162,687 44,490 212,687 518,033 182,687 231,687 
Mean Pricer Results (200 items):
  RMSLE:  0.8786
  MAE:    189,799 VND
  MAPE:   119.4%
  R2:     -0.0%

============================================================
STEP 3c: Median Pricer
============================================================
Training median: 229,000 VND
100%|████████████████████████████████████████████████████████████████████████████████████████████████████████████████████| 200/200 [00:00<00:00, 200253.23it/s]
250,400 130,000 203,000 131,000 103,000 456,000 55,000 112,000 179,000 81,000 40,000 16,000 298,000 177,000 95,000 40,000 99,000 80,000 119,000 6,000 204,500 721,000 6,000 64,000 129,000 70,000 33,000 114,000 586,000 110,000 58,000 150,000 161,000 40,000 153,160 140,000 89,000 60,000 665,000 606,000 66,000 5,500 220,999 91,000 139,001 551,000 179,000 64,000 143,000 80,000 165,750 136,000 141,000 750,000 154,000 10,000 417,558 24,750 96,000 79,000 596,000 9,000 116,000 144,000 29,000 4,000 30,000 287,465 351,000 154,000 6,000 110,000 40,000 221,000 40,000 110,000 321,000 30,000 120,000 72,000 16,000 461,000 21,000 461,000 180,000 178,700 80,000 130,000 120,000 130,000 320,000 30,000 76,000 661,000 130,000 40,000 146,000 571,000 150,000 89,000 19,000 50,000 1,500 70,000 334,000 7,000 21,000 190,500 39,000 9,000 113,700 18,000 770,000 59,000 226,000 169,000 150,000 620,000 125,000 114,000 212,000 87,000 0 133,000 347,000 42,170 60,000 130,000 625,000 59,000 201,000 181,000 270,000 174,000 153,000 90,000 90,000 270,000 103,000 41,000 151,000 172,000 21,000 174,000 196,000 174,000 70,000 240,000 74,000 164,000 419,000 175,650 670,000 470,000 142,000 570,000 90,000 370,000 58,000 160,600 51,000 160,000 6,000 3,771 100,000 161,000 70,000 240,000 88,202 761,000 199,400 16,191 200,000 44,000 551,000 131,000 315,700 174,000 461,000 387,756 154,000 60,000 79,000 74,000 22,202 139,000 50,000 589,000 70,000 6,000 221,000 310,000 96,000 30,000 90,000 28,197 140,000 590,720 110,000 159,000 
Median Pricer Results (200 items):
  RMSLE:  0.8184
  MAE:    175,995 VND
  MAPE:   86.3%
  R2:     -8.6%

============================================================
STEP 4: LR + TF-IDF — Architecture A (bigram, no word segmentation)
============================================================
TF-IDF A: 85,727 x 10,000 (6.8s)
LR A train: 11.0s
100%|█████████████████████████████████████████████████████████████████████████████████████████████████████████████████████| 200/200 [00:00<00:00, 10168.87it/s]
32,369 134,046 216,636 217,232 178,228 459,101 52,114 41,656 272,816 138,262 13,437 19,676 37,438 164,667 66,525 73,106 101,844 287,950 230,887 129,481 54,169 4,288 74,810 79,520 165,267 53,667 196,000 65,291 527,252 67,712 47,615 203,874 96,461 14,785 51,300 3,829 54,045 111,116 323,464 195,074 69,078 156,116 119,765 86,373 214,209 431,833 15,090 80,864 104,223 56,076 211,160 66,930 71,292 419,116 106,339 11,237 11,965 92,264 72,986 263,588 238,429 65,872 38,366 120,851 7,764 45,492 54,359 138,980 105,683 153,296 27,314 15,905 21,872 122,325 47,089 37,956 98,210 11,655 67,705 166,815 51,476 479,891 127,975 127,768 64,512 175,553 72,351 91,718 152,344 17,781 41,615 2,441 133,978 399,827 238,104 21,440 64,808 314,855 197,124 144,445 87,277 66,680 55,520 232,018 86,083 142,855 67,440 38,500 18,146 9,551 32,164 72,431 309,654 313,056 14,501 60,000 51,117 424,932 68,293 9,647 271,021 54,691 60,451 43,745 57,400 72,447 41,205 33,294 357,123 74,312 188,494 109,507 183,308 41,365 29,003 133,362 293,928 281,179 117,657 64,562 3,987 276,834 9,639 3,865 113,168 4,929 60,350 155,094 277,330 212,585 250,977 170,431 218,590 395,683 145,354 287,676 22,318 58,763 53,390 34,816 53,310 316,220 128,621 69,175 85,990 275,578 26,098 119,218 131,975 364,457 39,728 114,174 36,946 99,812 76,002 35,051 83,702 6,903 93,639 5,386 211,032 34,252 148,008 118,758 40,475 189,291 20,686 513,457 511,200 12,750 107,942 103,111 28,561 2,252 83,931 215,378 25,410 190,659 119,000 86,602 
Lr Tfidf Arch A Results (200 items):
  RMSLE:  1.7339
  MAE:    123,860 VND
  MAPE:   72.1%
  R2:     50.7%

============================================================
STEP 5: Underthesea Tokenize + TF-IDF Architecture B
============================================================
Loading cached: day3\tokenized_train_1m.pkl
  Loaded 85,727 docs
Loading cached: day3\tokenized_test_1m.pkl
  Loaded 3,872 docs

Sample original:  Tiêu đề: Áo len hoodie dày ấm cho nữ  
Danh mục: Thời trang nữ  
Thương hiệu: LiLiLa  
Mô tả: Hoodie
Sample tokenized: Tiêu_đề : Áo len_hoodie dày ấm cho nữ Danh_mục : Thời_trang nữ Thương_hiệu : LiLiLa Mô_tả : Hoodie c

TF-IDF B: 85,727 x 10,000 (2.3s)
LR B train: 2.7s
100%|████████████████████████████████████████████████████████████████████████████████████████████████████████████████████| 200/200 [00:00<00:00, 198499.95it/s]
13,742 10,376 116,486 30,670 48,770 225,893 160,504 72,918 313,744 228,329 21,356 83,052 119,299 213,821 51,381 66,523 131,786 122,548 101,456 16,733 51,726 63,750 107,935 46,714 171,833 93,448 173,812 78,957 482,533 44,772 143,096 62,465 58,629 1,868 121,761 103,037 29,230 33,370 370,392 466,748 96,413 4,295 129,129 83,718 144,839 472,634 50,000 37,107 86,000 92,099 47,261 51,118 95,242 417,463 127,859 24,915 102,747 14,205 115,553 263,805 265,546 48,536 67,857 117,109 173,724 85,619 17,674 31,974 163,867 2,053 80,154 75,127 34,381 48,785 45,329 9,640 130,900 19,584 46,097 150,001 232,755 508,395 204,455 183,019 209,096 158,293 87,644 93,050 6,936 39,595 31,825 57,640 152,517 436,023 58,988 33,949 78,869 147,353 181,361 314,035 218,377 179,000 57,515 54,202 120,753 67,966 33,762 7,417 40,546 54,335 100,567 87,054 272,548 360,364 94,610 30,757 7,311 518,401 77,681 6,364 38,926 150,133 66,791 85,076 97,764 83,615 54,004 169,142 171,190 17,093 135,829 163,056 168,356 29,025 33,121 44,637 135,689 79,397 152,928 59,620 24,767 45,605 123,220 1,543 159,323 16,933 4,514 32,761 89,586 229,505 177,977 146,960 331,592 297,237 142,004 179,132 80,472 249,282 66,404 102,609 100,630 147,226 114,090 106,284 11,230 71,075 74,619 230,671 172,286 542,872 102,552 59,059 6,643 58,802 211,169 36,083 190,645 29,769 219,433 49,555 185,938 111,618 88,548 3,086 75,695 82,541 88,760 528,325 248,717 132,356 286,823 94,597 52,435 26,378 93,850 81,129 63,865 336,156 119,000 43,465 
Lr Tfidf Arch B Results (200 items):
  RMSLE:  1.7549
  MAE:    121,230 VND
  MAPE:   63.9%
  R2:     52.9%

============================================================
STEP 6a: Random Forest (Arch B, subset 40K)
============================================================
[Parallel(n_jobs=6)]: Using backend ThreadingBackend with 6 concurrent workers.
STEP 6a: Random Forest (Arch B, subset 40K)
============================================================
[Parallel(n_jobs=6)]: Using backend ThreadingBackend with 6 concurrent workers.
[Parallel(n_jobs=6)]: Done  38 tasks      | elapsed:  3.7min
[Parallel(n_jobs=6)]: Done 188 tasks      | elapsed: 16.7min
[Parallel(n_jobs=6)]: Done 300 out of 300 | elapsed: 26.6min finished

222,767 151,463 128,145 14,580 175,451 266,680 105,610 27,374 232,472 67,765 5,042 54,690 310,183 169,768 80,034 13,424 13,023 88,362 125,825 24,088 211,165 252,479 40,791 777 361,185 9,436 23,887 8,342 573,536 112,020 202,034 292,860 145,601 76,927 43,620 167,626 42,552 68,902 599,850 462,657 143,609 12,078 182,167 39,723 160,795 408,255 89,549 8,701 59,082 96,933 122,805 11,548 225,210 366,248 107,045 71,043 67,162 112,438 48,400 175,997 415,181 80,944 1,974 100,922 2,723 1,880 505 78,195 202,273 58,201 1,722 121,702 13,137 183,809 39,016 70,481 89,421 9,651 9,583 48,605 29,697 488,636 53,656 268,366 100,572 150,626 13,362 21,498 142,298 86,851 190,164 9,192 23,007 476,657 123,293 23,278 136,127 242,254 58,907 152,872 191,594 29,695 7,163 120,312 167,463 31,541 1,557 137,506 48,337 4,718 33,139 55,596 604,865 353,582 142,423 79,540 68,336 547,347 103,220 39,484 66,900 56,799 25,978 29,245 49,703 8,322 12,524 103,976 323,666 57,475 166,438 53,241 220,033 183 58,630 133,169 34,739 56,867 93,974 77,813 31,812 156,787 1,723 3,150 58,880 143,300 320 200,461 56,348 81,524 338,836 232,520 335,965 489,435 123,448 366,317 157,866 282,935 413 111,553 21,710 149,449 93,584 335,633 109,545 153,165 188,074 222,598 28,180 424,626 175,505 38,848 86,053 197,921 46,263 146,183 347,226 3,983 362,013 7,688 154,036 95,281 59,606 117,659 42,451 111,304 5,068 560,218 166,923 12,267 189,928 14,785 44,456 77,415 20,589 14,832 102,595 167,820 93,542 114,247 
Random Forest Pricer Results (200 items):
  RMSLE:  0.6360
  MAE:    128,385 VND
  MAPE:   66.9%
  R2:     41.1%


============================================================
STEP 6b: XGBoost (Arch B, full data, CPU)
============================================================
XGBoost: 100%|█████████████████████████████████████████████████████████████████████████████████████████████████████████████| 1000/1000 [03:32<00:00,  4.70it/s]
XGBoost train: 212.8s
100%|██████████████████████████████████████████████████████████████████████████████████████████████████████████████████████| 200/200 [00:00<00:00, 1569.26it/s]
189,379 1,445 184,944 15,014 79,567 403,790 7,439 52,593 280,140 124,576 17,261 14,490 197,230 248,276 112,095 3,496 127,062 128,994 112,006 16,794 123,995 149,550 65,839 14,223 235,290 35,407 19,165 18,856 556,774 161,291 90,132 201,350 113,600 63,735 61,451 210,735 54,401 78,091 608,601 446,019 125,677 39,791 162,638 20,749 131,389 388,479 90,651 7,942 51,275 60,268 175,437 46,829 203,734 444,975 154,057 37,561 144,088 57,504 3,653 120,973 426,386 52,379 27,423 102,734 48,587 33,434 36,286 29,337 248,667 80,504 27,752 56,651 7,837 76,901 84,400 65,388 46,881 17,487 24,752 5,691 59,488 428,021 21,614 324,813 177,813 123,979 20,204 80,099 108,754 34,621 108,493 131,098 114,337 430,865 57,359 11,944 53,653 284,104 131,186 199,198 135,909 40,216 39,115 151,928 194,434 19,645 32,066 127,915 50,760 15,491 26,331 51,497 404,559 268,452 61,418 135,707 20,773 552,428 45,390 42,907 144,367 103,440 44,381 87,181 146,026 20,817 29,126 104,880 213,237 24,373 140,899 148,127 227,700 253 72,430 111,010 95,021 125,880 50,756 37,728 48,612 147,955 18,644 13,349 6,043 134,852 145,235 163,957 91,948 55,990 325,780 194,135 182,102 300,786 178,739 381,108 90,499 225,106 60,303 141,970 26,813 109,997 80,569 242,347 117,495 163,838 115,014 57,115 44,367 482,917 79,367 61,020 136,079 96,632 119,628 92,076 253,361 97,946 281,308 43,721 213,575 66,443 26,989 105,723 35,950 218,606 13,069 543,450 247,700 31,510 228,160 49,126 11,526 65,133 68,731 58,440 113,144 288,055 19,682 146,433 
Xgboost Pricer Results (200 items):
  RMSLE:  0.6385
  MAE:    124,993 VND
  MAPE:   70.9%
  R2:     47.6%

============================================================
STEP 6c: LightGBM (Arch B, full data)
============================================================
LightGBM: 100%|████████████████████████████████████████████████████████████████████████████████████████████████████████████| 1000/1000 [00:41<00:00, 23.93it/s]
LightGBM train: 41.8s
C:\hieu\DACN3\.venv\Lib\site-packages\sklearn\utils\validation.py:2749: UserWarning:

X does not have valid feature names, but LGBMRegressor was fitted with feature names

100%|████████████████████████████████████████████████████████████████████████████████████████████████████████████████████████| 200/200 [00:03<00:00, 65.32it/s]
196,297 964 156,923 3,204 31,761 383,555 155,614 18,143 250,128 94,649 1,331 17,299 142,205 35,631 77,034 13,021 164,804 100,644 133,654 40,014 83,976 119,615 69,444 31,416 195,859 8,406 41,602 9,945 552,676 63,626 124,500 147,199 33,529 24,508 64,138 146,767 46,260 45,611 548,145 427,348 126,133 42,012 158,361 9,538 126,075 382,025 30,437 24,561 21,635 51,759 64,742 45,094 194,226 424,822 211,367 14,322 175,974 45,692 30,219 118,296 225,864 95,583 17,235 97,216 111,387 39,225 93,711 50,829 160,278 52,922 43,691 45,378 8,740 39,567 83,406 6,363 78,416 9,373 2,862 112,037 14,130 496,659 36,806 235,637 177,024 100,575 19,609 12,862 130,474 6,962 3,663 30,338 143,171 336,542 66,778 58,622 76,885 164,780 116,379 319,442 154,679 35,043 532 190,541 133,867 60,332 35,797 74,613 6,755 27,440 2,540 85,202 306,340 440,752 106 58,005 90,507 577,995 1,947 21,041 57,991 118,191 81,708 39,802 80,866 23,717 5,246 77,632 437,485 46,526 137,259 84,111 233,892 15,472 40,306 129,105 89,137 104,295 5,335 54,803 28,871 161,186 39,670 14,887 202,348 87,724 6,743 116,263 97,824 113,039 355,887 129,587 317,379 306,055 139,845 181,295 53,918 228,614 45,848 111,670 11,176 98,829 101,847 186,541 154,578 160,291 139,013 303,928 14,073 488,302 22,758 52,281 94,794 78,455 35,304 10,128 228,310 66,910 212,270 69,627 261,656 102,890 6,090 109,238 36,248 101,832 43,032 537,835 332,676 59,804 146,343 43,506 4,149 56,952 9,367 82,458 156,717 211,335 22,121 78,571 
Lightgbm Pricer Results (200 items):
  RMSLE:  0.5799
  MAE:    114,290 VND
  MAPE:   59.7%
  R2:     52.0%

============================================================
STEP 6d: CatBoost (Arch B, full data, CPU)
============================================================
0:      learn: 225771.8822145   total: 328ms    remaining: 5m 27s
100:    learn: 197649.9864960   total: 16.4s    remaining: 2m 25s
200:    learn: 188554.0469659   total: 32.3s    remaining: 2m 8s
300:    learn: 182473.6319293   total: 48s      remaining: 1m 51s
400:    learn: 178015.3841138   total: 1m 3s    remaining: 1m 35s
500:    learn: 174387.4204154   total: 1m 19s   remaining: 1m 19s
600:    learn: 171185.5403691   total: 1m 35s   remaining: 1m 3s
700:    learn: 168385.1545012   total: 1m 50s   remaining: 47.3s
800:    learn: 165926.8082210   total: 2m 6s    remaining: 31.4s
900:    learn: 163559.0324949   total: 2m 22s   remaining: 15.6s
999:    learn: 161464.9583324   total: 2m 37s   remaining: 0us
CatBoost train: 158.6s
Object info sizes: 1 10000
Object info sizes: 1 10000
Object info sizes: 1 10000
Object info sizes: 1 10000
  0%|                                                                                                                                  | 0/200 [00:00<?, ?it/s]Object info sizes: 1 10000
Object info sizes: 1 10000
  6%|███████▎                                                                                                                 | 12/200 [00:00<00:02, 80.14it/s]170,847 47,046 197,794 19,608 103,100 317,116 5,666 3,690 264,660 134,050 9,401 43,230 165,667 87,663 60,973 5,345 115,283 132,765 86,277 10,862 136,184 235,020 48,963 10,900 249,156 34,059 69,718 10,877 Object info sizes: 1 10000
 18%|██████████████████████▏                                                                                                 | 37/200 [00:00<00:01, 148.40it/s]Object info sizes: 1 10000
562,533 136,188 133,583 199,996 156,430 72,220 64,733 173,898 65,561 83,240 560,201 403,922 Object info sizes: 1 10000
Object info sizes: 1 10000
 26%|███████████████████████████████▊                                                                                        | 53/200 [00:00<00:01, 124.19it/s]152,931 57,515 154,669 16,424 104,869 403,808 86,207 9,711 39,801 65,802 151,919 43,715 184,511 Object info sizes: 1 10000
505,030 159,461 38,116 109,977 71,484 53,998 Object info sizes: 1 10000
110,926 369,897 50,183 35,715 96,427 49,817 64 57,633 8,722 197,101 101,179 40,507 95,224 Object info sizes: 1 10000
 36%|███████████████████████████████████████████▊                                                                            | 73/200 [00:00<00:00, 131.83it/s]41,042 62,082 89,126 47,203 11,941 44,704 8,782 40,750 79,565 429,028 21,089 335,619 214,278 125,536 7,984 77,350 95,981 Object info sizes: 1 10000
 45%|██████████████████████████████████████████████████████                                                                  | 90/200 [00:00<00:00, 130.45it/s]9,342 Object info sizes: 1 10000
23,647 52,727 109,467 445,933 68,889 11,505 67,193 240,305 159,898 213,309 Object info sizes: 1 10000
 54%|████████████████████████████████████████████████████████████████▎                                                      | 108/200 [00:00<00:00, 140.50it/s]173,262 51,434 26,562 129,999 149,446 30,773 29,931 128,868 20,269 Object info sizes: 1 10000
 62%|█████████████████████████████████████████████████████████████████████████▏                                             | 123/200 [00:00<00:00, 118.80it/s]10,924 15,811 14,976 451,343 281,894 29,882 113,324 45,789 522,588 53,004 54,152 34,752 86,459 38,268 Object info sizes: 1 10000
83,217 153,229 62,620 61,676 127,375 317,014 56,839 120,956 125,695 207,543 4,044 55,405 146,589 130,759 1,106 65,356 Object info sizes: 1 10000
89,872 32,543 Object info sizes: 1 10000
 86%|█████████████████████████████████████████████████████████████████████████████████████████████████████▋                 | 171/200 [00:01<00:00, 135.31it/s]207,724 45,413 14,740 119,614 150,123 98,081 187,085 89,843 26,441 313,790 180,317 323,278 346,437 175,230 393,364 139,805 176,637 43,331 119,088 29,251 172,073 80,377 216,548 Object info sizes: 1 10000
124,950 119,220 51,585 126,411 45,556 543,477 74,320 Object info sizes: 1 10000
84,807 119,129 89,417 95,982 115,765 293,017 47,865 300,759 108,912 Object info sizes: 1 10000
100%|███████████████████████████████████████████████████████████████████████████████████████████████████████████████████████| 200/200 [00:01<00:00, 134.97it/s]
223,834 63,322 43,979 131,208 5,359 224,865 42,889 556,100 268,123 26,411 215,896 52,986 2,882 62,380 19,303 70,493 144,225 314,181 25,855 119,439 
Catboost Pricer Results (200 items):
  RMSLE:  0.6307
  MAE:    125,425 VND
  MAPE:   70.0%
  R2:     46.8%

===========================================================================
FINAL SUMMARY — Day 3 Baseline ML (<= 1,000,000 VND)
===========================================================================

Model                               RMSLE       MAE (VND)   MAPE (%)     R2 (%)
---------------------------------------------------------------------------
Random                             1.3126         343,784      227.0     -200.5
Mean                               0.8786         189,799      119.4       -0.0
Median                             0.8184         175,995       86.3       -8.6
LR + TF-IDF (Arch A)               1.7339         123,860       72.1       50.7
LR + TF-IDF (Arch B)               1.7549         121,230       63.9       52.9
Random Forest (Arch B)             0.6360         128,385       66.9       41.1
XGBoost (Arch B)                   0.6385         124,993       70.9       47.6
LightGBM (Arch B)                  0.5799         114,290       59.7       52.0
CatBoost (Arch B)                  0.6307         125,425       70.0       46.8

Best model (RMSLE): LightGBM (Arch B) -- RMSLE=0.5799
PS C:\hieu\DACN3\scraping_data_tv\Data_processing_for_Vietnamese_data> 
